69 84
22 31
94 98
89 98
43 61
3 21
82 83
9 18
64 77
8 10
94 96
20 32
18 23
59 60
79 99
99 100
23 42
58 70
22 29
84 90
90 100
29 38
59 64
55 66
80 94
4 11
11 13
36 55
72 88
27 34
87 96
15 16
10 19
60 62
21 39
1 4
39 57
70 80
26 38
85 99
11 20
22 28
86 98
11 27
9 28
35 53
52 63
89 90
40 50
68 71
87 98
65 77
26 32
39 42
13 18
49 65
41 55
73 81
54 67
81 95
17 23
86 88
11 26
77 85
79 93
93 97
36 42
52 58
38 41
27 28
96 100
42 52
39 46
21 25
37 48
16 36
63 69
47 57
94 97
50 57
75 78
63 76
49 50
56 67
70 90
1 12
66 74
30 33
36 53
13 16
58 64
85 95
5 8
78 85
85 98
92 95
55 69
90 94
19 31
61 67
26 41
2 18
36 39
47 52
54 60
79 81
76 87
52 64
2 13
8 22
34 38
32 51
19 32
3 20
59 66
81 83
61 66
93 99
48 58
60 64
26 27
80 83
48 50
53 56
57 68
71 78
96 99
34 35
72 80
44 50
11 25
6 26
79 83
72 89
29 31
30 42
59 63
79 97
4 6
76 90
58 67
78 81
93 95
69 79
23 38
51 64
21 30
74 88
55 63
27 38
53 67
92 96
51 71
44 47
77 90
25 27
3 5
46 59
49 54
23 40
70 74
97 100
76 80
62 65
38 39
50 51
40 42
24 26
85 87
12 16
44 49
53 63
3 18
40 43
38 49
39 48
71 79
42 43
35 42
54 61
82 98
9 27
18 30
67 85
8 19
66 75
57 64
7 17
70 73
9 23
4 7
96 97
70 88
6 15
50 52
77 86
45 55
83 93
54 70
95 96
73 92
81 86
45 54
72 86
3 8
28 44
85 91
73 78
2 14
55 71
93 98
15 23
43 48
61 71
3 10
14 15
13 32
85 88
12 18
6 18
33 40
75 84
78 84
95 97
54 56
51 52
84 87
17 34
15 32
16 22
62 74
64 72
19 39
12 24
20 21
69 76
56 68
9 16
33 35
87 93
1 2
79 84
73 75
14 27
86 91
9 14
85 100
82 99
33 51
34 39
49 59
66 77
12 17
38 45
98 100
78 92
98 99
43 45
1 3
76 86
49 60
15 35
29 48
44 62
83 92
29 47
21 29
36 44
69 82
56 59
2 17
74 90
86 93
6 20
60 71
72 77
6 9
24 41
5 12
78 89
45 46
60 78
33 37
72 75
47 55
53 55
56 60
14 25
26 29
55 64
18 37
45 52
69 77
88 89
28 35
90 95
19 25
9 17
9 20
17 22
50 53
58 60
8 13
66 81
92 93
35 45
83 100
56 72
53 65
62 82
51 56
77 82
22 24
83 90
26 36
34 37
32 38
40 44
41 43
80 100
