7104
3571
-58
1980
-510
-4276
7700
-882
-6391
-9118
-1844
2588
3748
-1730
6436
401
3159
-5494
8061
-7963
-5417
-3559
-5055
7460
8313
-3119
847
7693
-5954
-7734
131
3424
-7318
6622
5535
9658
-5360
3391
6582
1022
-9416
4181
2196
8733
-8307
1620
-8352
5638
2282
9007
-9831
3286
-2171
-6164
8245
-2993
-1855
7266
1786
-8096
-1245
-7896
-973
-3685
9788
8204
7469
8136
-5758
-1803
79
1397
449
-4406
881
-6917
8838
8951
-1069
980
-9681
-8342
1403
-9371
5307
-1071
5525
-8232
-3503
151
-1544
-7542
5889
-9323
8487
7211
-5466
3205
5888
9337
2831
-3995
-3590
-1762
-5059
-6383
-3041
-8355
7595
-2
338
359
-8380
-4710
3729
-6960
218
-1791
3227
5736
-7542
7764
-7210
7794
-2080
-2630
7441
-1310
8873
-4646
-326
-8388
5951
9215
2870
5941
-2710
8152
3365
6897
4583
-7464
5052
-2836
-2495
5825
428
-3814
1930
9600
-9071
8940
8608
7021
3850
-8241
772
8959
-4459
8214
-2428
271
2057
-4359
-3084
-60
4215
1649
4714
9382
-6939
6994
-6543
7147
-9656
-3706
8864
8136
-4143
4725
5192
4600
6523
-5506
7571
8001
5562
4837
-9604
-359
-1369
-3970
-9732
5314
1054
772
-3078
-8303
-1246
-6771
6961
-9499
-9097
-6304
5457
-124
-3314
-6767
-9143
4921
7582
-2724
-9020
3106
-5979
4028
-8089
7667
-8040
-3837
7652
-1404
-1172
1694
1380
7817
9047
3652
3288
-9756
7227
1116
-7349
-8902
-667
662
539
-6151
952
-5831
7641
-2029
6202
-717
4501
-5916
-1646
-1809
-7585
3778
175
-3437
5821
1979
-5800
-3000
6542
8744
-5031
-373
-7274
4283
4336
7303
2728
7148
9805
-4949
8324
-5326
-4611
9217
7524
390
6160
-774
3341
-7843
-2262
-4475
-5055
-2279
3992
7932
541
7711
4522
6444
-5790
-541
-2051
6243
-1787
6461
-3741
2204
-9771
-5989
977
6145
-7482
4108
-7164
6883
2393
-2012
-4419
-7688
-279
-7614
-547
1133
5157
529
-5133
-5102
-1283
102
2563
667
8834
6842
-5297
4294
-6590
-1564
-2230
-2899
-3013
7845
2102
4292
2302
-1145
-7420
83
3252
-3336
349
-9610
-8848
8641
9072
-8032
1535
6122
3235
3866
9989
-1503
-86
4723
-4681
3595
-3022
-3796
-3183
1887
-3581
-2464
2443
-7663
4927
-3525
1633
6404
-5903
9141
5865
4474
-7122
-5698
-2278
4286
2902
-2538
3167
2400
5926
961
-2164
705
2644
-2984
-4314
6144
-9620
5505
-6785
3320
5777
-6741
-3972
6276
-9008
-1330
5471
-5776
-3487
-4862
-1593
-5195
-8821
-5924
-462
4454
-8230
-7132
-289
-1482
7410
203
2400
6953
-1373
8460
-8891
-8981
7578
-664
7522
-7651
-8179
-1000
-349
1518
5785
-3045
6427
-6475
-8573
2187
2197
5686
4629
789
6154
2022
-2801
-9744
9691
-6279
1413
6992
-5122
2526
-6226
8286
-7408
-8661
2836
-6412
5105
-5295
-3548
7944
4498
-8458
-1212
-9404
9434
-6520
-6850
-5398
5599
-2780
123
-153
-78
9855
836
8106
-9455
4334
-7100
2576
-9899
5117
-6598
694
7590
596
5047
-8126
5965
-6949
7504
5337
-271
9905
-5974
9336
-4955
-7675
558
-8722
-4950
8746
-3435
-334
3743
-7204
-6464
2487
-8153
6033
6863
3437
3558
-1369
8904
-2190
8440
6436
3264
9736
-5761
-2726
859
-2413
400
5430
314
-3086
-6758
-3283
7386
5330
-3179
4413
4278
1969
4318
-8282
-3481
-6007
-1832
-9813
-1508
-8325
-1430
1853
4039
2659
-8499
7507
8337
7085
-9501
-9224
7739
611
9394
529
-4341
1743
9198
9937
388
9625
-2179
-1292
8725
4501
4630
-6376
-5797
-9219
-5492
4878
6628
-4985
4576
9219
-9762
-9745
-4327
2535
2304
3071
-6743
-831
-3727
-3361
-5390
-9407
9874
5330
719
-5085
5599
-2758
3836
1852
-1436
4655
5381
-7064
-4364
-6553
-1879
6325
-1832
203
-6652
-1494
6956
9024
-1555
590
4777
-1451
6660
2807
-9740
4845
-1229
-4701
6859
-3046
-3015
-6577
-8942
1718
-6274
-8681
-3837
1611
696
-2550
-3125
6586
-4267
-4664
8864
9882
-9687
6005
-8940
5066
3465
3597
983
7028
7734
5260
9047
-8141
-9133
-7079
-7919
-4500
-690
9006
2543
-8881
-4902
-622
-3878
931
-4639
1152
471
6016
-2347
8471
5031
-396
3588
-2925
-4465
8574
9632
4005
150
5219
7837
166
-7954
7319
820
-5636
718
-8776
-9842
-47
-6706
-7217
1877
9215
-6264
6388
-3079
-7142
2126
-4864
6186
9611
5569
408
-5583
4457
5555
-2867
9919
-2582
3716
-9028
-2188
8118
-3667
7192
-7581
3529
9058
-1866
5488
-1028
9369
-424
7433
-4294
1238
4730
-5390
525
-1315
-952
-7890
5547
-1358
4826
2703
-9703
7101
-4704
3327
1009
-9709
-3068
-8126
5854
-689
-6004
1852
-1552
6738
1956
-110
-2540
-8939
-1894
-9177
6275
-7695
4042
-8937
2910
1368
-2778
9790
-1360
-1051
6592
-637
8648
7467
-8039
-9835
-1570
2030
-9604
9078
-2690
8119
-5656
4625
-8796
314
-7057
9480
2037
-8886
-3469
-194
6809
-1572
8411
-3069
6790
-9719
2134
3827
-6871
-1370
8810
-821
8080
6523
7445
2542
7734
9018
-2873
-4916
-184
-8197
8660
-4536
4971
41
-6323
-4599
-6980
-8294
-3359
-3369
-2366
2137
7080
-649
6134
-9998
-7794
4135
7648
4814
9085
-4575
-6673
853
6119
2871
7402
-9846
6963
3393
4947
-3539
-9031
-6194
-9172
-1177
653
-3673
-4060
8824
9515
-3481
2669
-6095
-1227
-2953
-3369
-1545
-5535
1867
7489
-5260
6828
30
-7211
-7144
5860
-172
8034
3325
3774
880
9217
-3380
6819
-1861
-2084
-221
-1073
2686
-269
-4546
-3664
9776
3154
7780
1117
-2704
-1254
-9429
-3607
1169
7303
1719
-349
5235
2162
3091
7281
3260
-1012
-4719
-2844
-8727
-1311
8689
8639
3334
1277
-2250
-4658
688
8050
5794
-8357
-1921
-4327
-3675
-2950
-6855
-5971
6906
3837
292
-7992
-1967
-5815
6745
-5280
1338
-1790
-9265
-2846
1294
3615
8945
-6970
-1619
615
-7417
3781
1485
2170
-2184
-3015
559
-5206
5596
4137
-8867
-8182
-4470
3808
-8253
-8078
8835
-7832
1188
7278
3550
-4452
8971
9737
2092
1627
-865
-8912
-9158
4245
6097
6710
-4295
-9216
635
-2619
-5627
-7412
-4378
6503
-7972
4071
5462
9869
-1874
-8284
752
-7590
-2573
-9182
-9290
-9767
9213
-5323
8898
-7043
1257
-3279
747
7695
-8995
-8073
5727
9693
-5786
-4281
-5293
3861
-7821
6816
-8189
1012
-2521
657
-3444
-849
8748
6017
8346
-3754
7994
-3028
-1910
4769
-5557
-5604
3942
4957
6238
3288
-6714
-6723
3044
-4390
-1105
-437
-6041
-8110
-3483
-4824
6912
-9396
3438
-4794
-4012
-5464
-4807
2203
1524
-8162
53
2682
-1436
-8971
-1454
8839
6132
-133
7865
-4068
7070
-1922
6657
-7390
-8790
9028
8913
7047
-813
1752
6314
3849
3539
-4109
-8098
-1977
6265
-8584
5708
-1352
-8286
-7295
-584
8191
7871
2298
-4201
46
-8041
-6304
7476
5080
-3171
-6961
7195
7206
4302
-1496
329
-9498
1873
1548
6092
7761
-9926
101
4031
2595
-219
-5927
-4805
-1746
6576
-2726
-2556
2441
6573
414
-5841
-5168
425
-7255
-7247
1101
-4583
-5045
1138
7172
-404
3833
9620
-3411
-3175
2536
-6790
2819
-9975
6108
5110
8120
-971
3167
6277
-5205
2397
-209
5611
453
-8278
-125
-1857
-3045
7589
8686
-8259
-7095
3752
4252
3312
-1095
7456
-3509
-1028
3017
-2445
4172
-3252
7676
-2810
6786
8901
3763
-5035
696
-3536
-4719
5068
-3349
-8096
5564
1452
-4330
32
-749
8582
753
-2836
5045
-8813
-4373
8845
2774
4723
-688
-5158
-2737
6568
353
6249
4270
-3522
-9502
-1108
2300
-39
-9299
3588
-5867
-633
-2569
1675
-3639
-7229
9610
-1061
8823
5320
-510
-3389
6718
3682
4313
-9225
-467
-6710
354
-6690
-9482
9449
-5568
5150
-7553
-1892
4846
2015
-519
9246
5554
6368
5846
-6214
-7792
-4749
-8354
-7385
-7014
2080
3482
5211
-7045
9046
2988
-1314
5318
-122
9981
9572
8068
-891
-1492
5828
-6790
1533
34
4130
3796
-1309
356
-6626
-8830
-597
7140
6519
-9664
-5543
5274
4607
7598
-9509
3532
4409
-9747
-4785
6989
-2659
-2489
896
8340
-1488
9394
1572
9335
6833
-2533
5557
4177
325
735
3126
-4623
-688
-9406
7716
-8422
3505
6004
9471
-1063
-1102
4687
-2832
2981
-1655
383
-7753
3947
-7341
-3120
937
7499
-2320
-3411
-1423
9671
7403
4205
9345
72
-6836
6962
-2812
2950
-8225
6086
-9371
6936
-6085
3111
-9873
2119
4442
9246
-4778
-9137
-2808
-95
-9362
3573
6085
3893
9135
-8776
5592
8459
3985
5636
-7890
-218
-1995
-2220
-9929
4218
-5450
7246
1899
2028
3804
9055
3606
-472
-8161
-8157
4613
-9484
-609
-2439
-2793
-6315
-7514
-2360
-9048
-6447
-7995
8411
5623
3327
-9491
2668
-1698
3896
-4629
-578
-447
-8708
-7146
7870
8924
-3232
-7726
-6510
-4497
-7376
4647
-4247
-3701
3488
2512
2335
1139
-9482
-8924
-8562
3572
10000
-7152
8079
9247
2115
-9
-2770
-4696
-2899
5601
3271
-6942
5967
7257
7545
-3105
3001
-7406
5741
-5534
-5448
1830
-2751
-6694
-1313
-496
7641
-8863
-8773
6333
7313
3767
-7513
-4817
-332
352
5291
3250
-4335
-6385
8478
-9496
8466
5203
-2060
8871
-6468
-4812
-5098
5134
-2037
-977
9673
5649
-4931
-7316
1170
-1978
5168
-2315
192
9883
7419
88
5385
3474
4091
7841
-3764
8299
-3321
1620
8593
-9099
-2196
2713
6293
-1074
-9378
-2654
9448
7280
-3808
-6523
1928
8203
8045
6707
5174
9126
2348
-3560
-2012
-4466
5201
1174
4152
2433
-3871
4313
1266
213
-9371
6963
3042
-7473
9123
-4419
-1627
1600
7257
-1830
7973
-5448
6185
-1148
3761
107
-3156
2386
-9049
6572
-4965
-5155
4308
-4007
-5768
-5563
6564
-7999
6038
-9421
1567
2254
-76
3693
-11
6882
9473
3003
-4203
8787
-4998
-9654
-762
4889
-4320
5926
3630
1613
2433
-7295
-8523
-5364
9219
-6189
-1127
7377
-7066
-3978
4433
6478
-7025
2721
2129
7016
-4318
1748
5077
-289
-8008
1791
-1391
-7452
1904
-8546
-5716
2152
6200
1625
-2843
-2944
-4247
470
-9888
-4830
541
-3697
-2309
6861
1484
-7847
1152
-2838
7006
1794
-8828
1918
-2821
701
6251
2458
1408
6977
-195
6125
-1932
-6513
-9832
-1851
3423
-1262
-6438
-7490
963
8775
-6845
-5323
4221
-3281
-925
-8176
7468
-3048
1345
-1257
-9274
-879
-4895
-5181
-9728
362
-1990
-2230
5979
6793
-9124
-9990
9804
1321
5351
7792
3696
2953
-9295
-7753
8006
-500
-2513
-3537
9705
9098
9835
-7510
4941
5516
-3706
9971
-8792
-6563
7652
-9526
-6468
187
4194
-1701
5876
9881
6948
3892
-5104
1575
-7551
7713
-7365
8076
6785
2983
6114
-3548
8130
-9491
-3966
5891
-6981
1110
1714
3999
9486
-9647
-2004
8442
7254
-7757
8927
-4389
-1807
-8685
-4229
-7305
-7271
-4640
4617
9170
-6239
-5814
4789
-2563
-605
9088
-6880
1936
1524
-659
3151
6036
-5820
7257
5157
-9533
-195
-8160
5388
-3186
-8522
-7219
4075
2588
3957
-3474
7518
-852
-8676
8512
4235
9260
-4639
-6302
8390
-2163
-4749
4227
-5010
-4646
2725
-2838
-7266
3742
-3160
4048
-9609
5339
7894
-209
-5809
-9479
-1418
4789
8873
-4795
-9952
-5872
-5957
7891
-8558
-2227
-8981
-1922
-2103
-7898
-8541
-8415
312
-8210
-5840
-5950
-9207
1842
-1983
-2810
5036
-5823
-4391
-3603
7601
5883
8630
-8949
-432
-2460
-4378
5273
5463
5825
-6120
129
6361
-2560
-9321
-2554
4636
-7645
5395
-9514
4541
7905
2425
-398
-9878
-708
-5388
6013
646
7203
4179
5842
9241
6270
8908
-6051
723
-6186
5178
4211
-8850
3280
-3863
-7857
891
-8607
2753
-5103
-5529
-8381
7567
-4030
1523
2406
5407
3458
7700
3150
9176
-6658
6819
-6765
-4199
5302
-8456
-6024
7214
-1766
2876
3328
-7053
-135
-4154
-8989
3157
-4561
-1653
-4934
7451
8194
4704
8190
3990
-4292
-3871
785
-4196
8086
-3552
-8896
-2907
-1226
5553
9
1263
-4794
-8238
-1949
-985
-1718
-2816
-6540
-2868
2434
-674
6051
1970
-463
-6975
9804
103
713
-204
2727
-656
-2409
-3948
-3354
2209
-7288
3951
-731
-9352
-1268
-8380
-4235
-5606
9762
760
8752
-7993
-9903
5500
-8566
7998
-6260
-3717
-6769
-6850
-9104
8341
-9772
-4281
8703
-2286
4730
6751
-4339
-8531
8319
-7858
5801
-1867
-2231
1428
2936
-7884
-6886
-6378
-2397
-8104
63
5455
7345
8263
-3766
2744
-3747
-8526
-3916
-3902
-1997
-9177
7543
2478
6192
7570
358
-7643
-8048
9089
-328
-4226
4883
6194
-8337
9913
-7102
1790
2592
-254
-8126
7783
806
-9885
-6493
-608
8739
-4158
-2769
-5337
2135
-6095
-8657
-1412
-2742
-7280
-8251
-4973
-2393
2680
-671
-7991
-8749
5209
-5770
79
2215
2097
-7066
-1039
2183
-3202
3277
-251
1614
2256
-2002
-2638
-3886
4112
-9662
7023
7027
-1271
7108
-6719
7488
-5428
8010
5958
-39
6396
1486
9439
3554
9844
-6629
-7681
-4022
2518
-6460
-1130
-935
-6465
-8744
7065
9371
7756
9308
9490
-3472
-9859
2860
-3454
3954
5310
-5313
-226
-3318
-9217
-921
5443
-4911
-3798
8086
-9718
-8469
-4919
-6736
920
-6553
-1295
7581
-4702
3049
-4020
-3371
-6086
7593
-9252
-652
-6352
5978
-4043
3125
-7148
-7261
-950
8125
9104
8519
-3562
-1629
-2976
-8119
-8271
9527
-3675
5964
-860
-8673
6375
-1404
4146
9668
4662
-2142
-5393
-5938
7243
-16
2639
6089
6287
-823
-6682
1226
7249
-378
8072
3705
8197
9119
5177
758
2240
5858
6754
364
-4658
6876
2253
-3322
-4704
5927
1022
-6746
3119
-4895
-5240
8776
68
-1441
-3368
3657
1642
-9888
7666
4468
-9764
1438
-3800
3277
-1247
-2047
7650
-8932
-3840
-8164
-4322
-579
9865
-7141
-2052
8953
9954
-7593
1928
8168
9172
4433
9393
-6926
-110
4122
3730
-1785
9401
1857
-3469
-4905
-8754
1177
2963
1987
-4498
5419
8466
-3788
-1809
2028
6307
7391
-1916
5567
9283
-158
-5605
-2839
4258
-1291
-1157
5604
3775
7667
5365
7092
-1306
-2727
9359
-6072
9409
7877
7703
4387
-6688
-9314
-906
8528
488
-5918
-4675
-4433
-1272
7609
-4488
-6312
9174
-7287
-9233
8148
-3004
-1102
-8248
8272
6894
1091
6582
9375
4469
2150
3893
-7640
7685
1861
-640
423
2612
-8980
257
3493
5870
2533
-6371
7729
-98
-2900
-3273
4623
1625
-482
7594
346
-1419
-844
3592
8489
-7383
-1188
8981
9209
7092
725
-684
9067
6535
8823
-3559
-7281
-8711
-2908
654
4796
7740
-8744
2720
-2578
-6154
370
-7866
6869
-3646
-4067
-6317
-7532
1317
-7191
848
-3043
-3688
-8605
-3841
-5010
6228
2834
-6088
3387
-5548
-6703
-2635
-1077
740
-6596
-6458
-9746
-7213
6224
-2649
2344
6880
7581
5953
-9490
1515
6595
9048
-3412
-8853
7133
2234
990
-3793
-10
8525
1484
4937
-3802
-5173
9651
8955
1578
-6671
-5164
-2093
9850
-504
-1110
643
3136
-9899
5702
-5393
7634
9488
3682
-2794
-2669
-2250
-1596
3302
1020
299
-4905
-6174
-8728
-9588
-6969
-9638
4181
-1374
-9161
9580
4396
-8506
-9979
-7084
3959
-1861
-7236
3596
6114
8981
8521
1005
4456
5299
478
4956
8358
1205
-1825
-7773
-8510
7321
-7808
3506
-4357
-9126
9990
6472
2038
2381
-8308
5520
5226
-7088
-353
3425
-1804
5815
-4818
7224
6370
3464
-545
-933
-1924
2007
9069
-5577
7798
6558
4704
-100
-9165
1979
3911
3987
5455
-5002
-5135
-674
5626
4532
6312
411
1828
3086
2827
-552
-4694
-7686
6992
5177
-4721
8843
-6490
3247
-4817
3576
-1156
6882
-3101
-8806
4202
-8437
-4511
5341
-3056
929
6444
5750
2300
7567
2590
-809
5943
-907
-2171
1794
-8479
8635
9464
-9803
2829
-7905
2458
-7429
-6382
-2784
3299
-4354
-7465
1257
4319
3885
5026
1663
-1582
9659
7289
4011
6671
4562
4634
9432
535
-2416
2309
1266
7819
-6547
-6001
-3146
10
-9671
5395
-4832
-7132
3804
6922
-6353
-328
-4408
-8829
7780
-3756
4905
-9296
-3143
-9981
3139
-9517
4463
4374
-7542
7500
-6989
7223
-6158
-4478
9582
9361
-9800
1127
6980
8126
1745
-6042
-9594
1313
-8771
9945
6866
-3654
6394
9415
-3819
-709
-2390
1762
880
-4087
-2547
-3787
-2195
-4500
1394
-3131
-2613
9426
-711
9497
2394
4546
-5754
5007
-6599
-2555
8798
611
-9206
5355
-248
-8973
-8357
8238
-5273
8308
-6015
1102
-8021
-8370
1520
-4010
749
-8750
-6123
2961
-2348
2900
4985
7325
1186
-1490
828
6778
-320
5044
-1781
1166
-3200
9827
9757
-5533
-1616
9389
4131
-9610
-2148
-5853
5952
-1486
-5787
-6538
8914
-3900
-4933
5739
7905
-410
-1643
-3318
-4612
3318
-3957
676
-1361
-1184
4411
7711
3580
7964
6260
-7473
-95
1090
1791
4743
-8864
-5802
-1435
4430
-2393
-6765
-7535
-3491
5843
9952
-6677
-1197
9770
779
9551
5417
-626
-9874
6947
-4784
-3729
7066
7044
134
4821
6336
2157
-9312
-6291
-1882
9655
3322
8124
1618
-1735
9770
-4150
8148
-2521
-2735
-3843
2664
-7666
-4242
-1268
-9947
-9842
-7195
-163
3743
1519
-1349
-5787
-2690
8528
7924
3767
-3335
2397
-3029
8934
5046
9691
-5279
-4857
-7647
-2807
-5477
8296
-2183
4405
6924
-1064
-9305
-2692
2741
-7253
8364
-242
-8927
1751
5254
1937
-9366
5572
-4211
-4771
6360
7487
-700
4208
-555
5032
8241
45
3368
-7583
3322
-7780
8490
-9647
878
-5194
573
3161
-4386
-6935
-4874
-1900
-7922
276
-7128
3796
4962
8808
4527
-6355
6424
-2647
6969
-2542
8329
3216
6031
-7569
-1842
-9029
-2848
5737
-8161
7412
-9088
-73
-3724
-9951
3030
-2947
-5801
844
906
9020
-5841
-6752
6878
4710
9505
-1428
-233
-5070
1428
-2958
4010
4600
6558
-7130
-2063
-236
-2330
-3502
-7044
8344
-186
-5107
-7382
3320
-7986
9776
-4097
6994
2945
-7592
2888
8704
-5153
4746
4049
1634
-4110
-4863
105
2979
7784
-8172
8858
-1275
-7944
-6814
-8627
-1326
-4867
2896
961
9643
-2027
-8185
-364
-3544
-1735
9186
7015
-1507
3058
-7869
5119
8253
7444
3467
9923
-6604
7938
7138
171
9245
-9604
-567
8036
-9444
-9905
-2666
-6898
3544
8919
-4401
8740
-2124
-126
-1237
9657
-391
9936
2219
9547
2280
9526
-4840
342
1790
-5479
-5915
-6279
-5406
5913
3038
-3749
4448
7874
-5644
8067
-578
-9835
-7709
-7423
4885
5204
-9898
-3016
-4430
1215
-8996
9189
-7078
5423
8153
1870
9622
-3589
7384
-3461
2764
-8169
3388
5626
-6624
-4810
-506
9107
4775
9820
-8502
2924
-8162
3921
-2326
1851
-4415
1964
6436
-2194
4645
2290
7780
-543
5546
-2564
-5938
-9935
-391
-8363
2099
151
-2145
-2202
1303
-8251
4203
4472
2153
9451
5587
-525
9642
-696
-9228
-459
-4651
-4987
9196
-4169
8485
-6919
-7076
-5979
-3505
2368
8391
-1334
5642
-31
-1023
-4553
6722
-9295
-4441
-2788
-3884
7804
-7024
9524
-3384
-5724
-6712
-3395
9648
9205
2708
-8694
7034
-553
637
5115
-6963
9463
8902
-9799
2363
-6264
1956
-304
-9533
1478
-4129
-8112
5208
-4061
8135
-6522
-984
-2492
-9916
-5502
194
2618
-7158
-4841
-6849
-9977
2026
4517
3730
8375
-7555
-7501
793
7269
-7166
-9598
6583
8362
55
3730
6845
-4218
-2833
-6332
-8484
6142
-4990
9308
7664
-1958
-1998
-9006
-1756
7682
9826
-8155
-3390
817
9197
-6046
6943
5387
8852
-7204
-65
6015
-6636
5832
1668
4516
9597
623
6464
-5807
9994
-4502
1693
9156
-6380
1993
6824
9489
4759
-4875
7108
-9217
2886
2426
680
4502
-7950
-8725
-7106
3855
2819
-7395
-6871
-1344
821
-4058
1842
9326
8583
9792
-9009
8374
-5938
5743
8864
-8546
-5071
-789
-6177
-484
4515
7589
-2903
-2062
-5037
-9425
1829
-3271
3752
-5186
8135
8058
-2705
3486
-5473
9594
4986
-1051
-313
-8273
5348
8151
8844
-462
7829
4195
-1969
-1718
2249
1408
1093
-4414
1718
-6179
-3782
-4148
5815
981
-7485
4910
-4138
-9944
-2048
4815
-1951
-5620
-2999
3904
4053
-1304
483
3589
5265
-6321
-4353
-1952
8907
939
9115
-5456
-2278
7455
4779
-3143
-4154
4873
-5805
1603
5489
5101
-4234
4112
-4339
-8562
-1395
6953
9149
-589
5610
-1297
2985
-1021
-4873
8707
-907
-8774
6291
8735
-6352
1727
-3353
-5422
960
3157
-8949
6559
5040
-7092
-8859
-1371
-9460
8843
-954
7515
3206
-6698
6342
-7874
14
7702
-9121
-6833
1111
8088
4560
6396
9126
5408
8619
-4659
-5115
9121
9890
2618
1799
-6589
6630
-9037
-2711
-7267
9178
-5101
9050
5651
1926
-6587
5235
-4782
-2939
-4648
-3408
6999
4554
7179
2798
-6828
-8409
6246
-4591
-6286
-1986
2530
-3821
5142
4000
-4698
-2529
-6523
-4013
-3534
1507
762
9396
-8626
4844
3653
-5485
4091
3497
4440
7354
3037
1280
3637
6487
3962
-7370
6919
6278
-6083
-7301
4695
-1285
-8916
4947
3865
-3465
698
-8338
2843
-5108
-4979
1504
-6730
-2928
-7871
5302
-2999
1893
-5575
-596
-9706
-3420
579
-582
5299
-6552
1
5322
6472
5425
-5077
2319
9286
9280
-9866
8597
-694
6668
-5200
-2830
6566
2595
24
1652
7577
4643
-8651
4679
-2514
149
3540
9326
5317
-6065
8541
-73
4193
-8174
9969
4613
3032
3932
-7779
6075
-8904
-2233
8463
-2412
-2535
2496
-4306
7594
7247
-7190
520
-7266
7142
3558
-4247
924
147
-7378
-5847
2973
2231
-8488
340
-1363
-6672
-892
750
-4487
3902
615
1589
7104
7862
2228
-2722
1436
-2691
-5664
4610
-6388
-330
-1071
2879
7317
6532
1666
4326
9054
3596
-5779
-175
5309
362
8531
7385
5580
370
5380
-7449
-3505
3361
5912
9353
6796
6065
-2404
9258
6794
5488
-1235
-7424
-4191
1978
5044
4929
1812
7162
7935
-5379
-4361
3136
-6107
-4621
-7642
1716
5565
-2109
-7579
-477
-7733
-6995
-2964
-5480
-5705
2881
-5419
3989
5800
-7764
4110
-5329
9865
-9764
4263
3970
4551
2712
7393
-2193
5358
-5084
-5842
-6346
3277
9024
2079
9561
8975
-8326
1013
-2867
-6846
1324
-167
6516
2044
-8461
3075
-4454
-8689
-3546
-4997
-2761
-7185
-1000
-6967
-5142
5072
7953
-1717
6055
-6263
-1923
-1756
5406
7497
-8408
200
2644
5958
7070
-236
9838
-8868
3149
-6643
6630
5936
-2981
-1477
3803
4091
2357
-8160
-9013
1515
-2366
464
-4866
-2246
-5289
3988
3401
-6753
4794
-8305
707
5861
540
-4153
-3942
-8014
9502
6520
-166
-729
-6322
291
6327
6074
6036
5470
-3681
-2340
-5249
9545
865
5085
9599
-238
7086
5067
938
6383
-5729
1652
4539
-4761
7232
-1328
1037
-2933
3390
8901
-7165
6808
-8486
-7880
7988
6016
8976
2807
7416
2018
-7221
8830
-7722
5078
9766
-5561
6366
-5615
-3730
5058
-8077
4398
4912
9433
-4008
2976
-7017
6830
8274
-8583
-3682
8987
-6715
-3180
-4101
9394
5685
-6530
2246
-3228
-2796
-1561
-6127
-2413
9926
6050
-580
6099
-6588
840
-8787
-1347
-2468
8364
4417
-2355
-2646
-6994
5998
-3205
-6681
-5005
-9539
42
3647
6497
-3048
-3232
-1529
6232
6129
8439
6357
15
-3757
3038
2536
-5098
-3731
3839
5086
1460
8170
3108
-8989
-7270
-4054
-4553
-5699
-802
5026
-8374
-1419
2483
-5438
-7520
-832
-5304
9183
-8296
-175
191
-933
-9173
2473
2857
8137
5217
-8486
143
7900
5648
-1490
-6316
-9711
8650
7816
-8152
7775
-4059
-8484
-2842
433
4216
6299
8085
-4394
9867
2111
1477
257
-8964
7676
-1282
-8467
7011
8947
-3458
1713
9545
-1546
3909
7481
-4979
-4826
4861
7757
-308
-6141
-836
-8397
-8216
-8215
-3
4694
4193
5156
2370
-8923
-1023
3921
2951
-5354
1079
-5800
-2460
8035
379
-3614
5502
-7016
-4947
2792
-2432
6603
-899
1778
2550
1907
-8636
-8215
5317
1548
8172
3941
5861
-2664
-3179
-2364
6837
1807
-4815
1224
7644
-314
6958
1956
4002
4305
-878
-2450
-5765
-9975
-7133
2365
-5721
-8109
-6500
-2539
2453
7537
8682
-3365
-4304
5202
-7735
-8109
-3431
1467
545
9757
2520
-6125
-9049
-3695
8885
-4845
-5306
6050
-2303
4369
4491
8293
-9548
-334
-1966
-9581
-7959
2956
-3434
-6024
-6801
-7199
8412
-2872
1747
-2674
8669
5637
-6971
7110
-3273
-7450
-8351
4280
1040
6349
-6147
-6064
-3385
5708
3168
928
-8771
1683
-1092
-9115
-6360
-337
-905
-6312
-6853
5153
-1059
7715
-6137
-5615
4679
5567
-7390
-8348
-3127
-2176
9670
-9287
-5088
-8504
-5265
1685
-1787
7872
7441
1654
-4309
9590
6760
3209
4502
-5144
-8017
5274
1175
6888
-5952
-6069
4953
-2011
4570
6208
3139
4995
7340
-7121
-2443
-1598
-6682
2173
-3097
-24
8110
3195
5431
8065
9738
-3917
-1523
-1036
-2106
4298
9134
2522
4490
5415
-136
-4412
2448
4003
-7064
-4492
-7683
-1617
-4620
6785
8468
3602
8576
7012
-7537
-6907
-1987
2083
-5657
8435
2982
-7511
-1827
-4806
5777
2787
-9806
-4402
-8329
-4413
-587
-1760
2156
-9591
-3786
8894
-2884
-2689
5272
-4511
4025
9555
6605
-8648
6027
5338
569
-2938
3167
-3827
-9793
9305
3479
-5071
-5308
-6997
2670
7592
5783
5935
-3245
-3007
8045
8721
-295
-6535
-3564
-4799
1753
5057
7266
2823
9292
3902
-1786
-8583
9741
6755
1993
-4028
-3521
1040
5285
-865
6129
-4961
7010
-5420
-5071
-3126
-4217
9918
4657
5000
-6346
-1013
5229
-7452
3949
7758
1946
-6791
5662
-6673
-7816
-1332
-5716
8386
7766
20
8913
-8664
7691
-2915
1494
5763
-9409
2541
-9054
-8124
9963
-3409
-6092
-5772
-4210
729
2744
-9721
1973
7971
402
1697
-2195
-6800
5621
-239
-1743
-3913
6799
860
-7724
-8843
-1718
-8322
-2250
-3397
-9603
9410
1290
2773
3539
-4783
-3619
9189
4320
-9199
7830
-7461
5086
9848
-6106
3977
2333
2689
6699
7887
7776
4574
8615
-9423
908
9477
-6728
190
3047
-224
294
-9607
-8059
5477
-589
1312
5348
8548
1564
8493
3795
3254
-3612
-9506
-5649
7269
-7294
2263
5750
-5939
2143
-4001
5667
-1821
-89
-1901
6541
-6656
8675
-6658
1246
-4662
-3372
2523
-4707
6189
-2636
3537
-5844
879
2881
-7639
-8393
4402
9566
-1178
9617
9322
-7931
4556
1857
3291
2569
-8684
1667
7910
3975
-3765
911
-1364
-9710
4300
2119
-8745
-8961
9158
-4618
1994
5052
-5115
-1819
3267
9359
-4634
5809
9025
-5522
-9721
2075
-430
-6110
-2130
9426
4858
875
-5623
-7837
9246
7018
-7155
9531
3072
-4359
-246
8925
-4958
-4683
2174
1382
3075
569
727
-307
-1668
-4001
-3956
-9895
-6458
-8545
5372
-3075
188
-4396
-2542
337
-7563
-8542
-5314
815
-3990
-5123
-5243
-1800
-799
-2140
-6122
-8899
-9912
-3520
2501
-8307
6785
-7916
-1859
-7485
-2385
2249
4327
-6549
-2785
-6330
-8845
6422
3201
-4291
-4598
6559
1568
8299
9217
-1546
-5595
9037
6210
4535
7860
-5710
5492
8883
-4219
-1077
-8360
3428
-7643
8591
-4398
-5961
-684
2707
5682
-3175
1670
-5547
-8528
1556
8275
7664
5011
3015
8660
5862
9271
-3162
8790
-9330
4174
-2949
-1760
8421
3592
2937
-9425
-2969
-8189
9072
-3
85
-6714
895
-5459
5385
-8113
9965
222
7736
-734
3766
-4820
7715
8945
9909
-8208
-2031
4318
-2664
-9183
7131
178
1664
-7021
-1904
6285
6375
-8072
-3758
-2833
2643
-6558
7949
-9469
-9940
-1901
9706
8786
-9041
4880
4612
4466
1249
3919
-2141
275
-2515
-9463
-1985
-4039
808
9697
-9285
-9707
2265
-5029
8005
2893
9152
5017
6428
58
1949
8822
6475
-9440
-5667
-5867
-2384
-8065
2071
-3425
-4585
-3853
-5575
-2939
25
-7412
-4417
-8554
7090
-7481
-7214
1514
-1945
4715
-2222
-6275
-4418
-4807
8116
7113
9780
-5548
4321
3644
-5502
-6733
2083
8750
-8360
-9801
-2608
-8956
1138
1750
-1653
-5000
-8692
868
-8665
2390
9424
-6973
-2196
-8216
-4842
-194
6104
-7671
6339
969
-732
7699
2406
9544
-7139
-9756
-3882
3946
-6360
3475
-573
6743
5230
8714
-1186
1777
5529
-931
6226
8888
5518
-7517
-1090
-1404
-2816
-5269
3491
-9128
6236
7463
2031
-145
7140
-8313
1690
-2095
-1766
5366
-7154
5210
8846
-4295
-3055
4147
-2018
4459
673
-8147
-8486
3920
7978
-5945
8155
-6103
4517
-8224
-7626
-712
-4325
-5190
1559
-4651
-844
7911
9741
6552
7679
-7535
4097
-6574
5913
-5420
5940
84
-3206
-416
-8198
2784
-4393
6127
522
513
-6249
-1789
-9720
3
-2900
-8883
-7857
958
4692
9828
-6052
9249
5394
-2671
2842
8972
1083
-9209
9139
-1879
-3039
-9233
2524
1292
-7960
-6443
-4971
222
-8113
9761
2237
9228
3105
-7296
3849
-1200
3404
1357
-5057
-1490
8414
1038
-142
-3014
-7595
860
-1128
-2892
8673
-9077
3189
-3690
5074
3055
7133
-4965
3028
5734
5088
4351
-2853
918
8130
7263
-5341
8164
1431
959
2045
-8288
-5092
6904
-5172
2472
1589
3163
-4011
4311
-3744
-1612
-2253
-3158
-7449
-9436
1130
3081
4037
2031
-6098
-8141
9851
-8342
-4926
-2752
1825
5491
-5372
-3006
7025
-3443
2188
-763
8600
-6793
2100
9818
2843
1397
3
1937
-6277
5310
-9696
-6381
4418
4944
-3772
2426
1598
-3383
4617
-1544
-5142
3872
4559
4849
-2803
-6355
-8896
-7984
-8567
6978
6783
-1847
-1076
5290
-2715
-3962
-6109
5936
3844
2641
-4587
7655
-1264
-7959
-5883
6273
-7433
3998
5688
6471
-5485
2383
-32
-4321
-2566
-293
8389
6267
2342
-3326
-7954
-4841
-4081
1017
8325
2990
-342
-2615
7229
-5762
-2872
6121
9614
5518
-4996
-4985
2724
9817
-5440
-139
4668
-3530
6997
6057
355
2553
-4234
5801
-656
-7613
1087
-835
4342
613
-9047
3905
-2092
-2295
5069
9053
5751
9881
-8557
3495
-87
5671
3374
-9885
-9219
-5622
-8145
3833
-2497
685
9229
-422
922
6372
2782
2332
7728
9563
-1738
-962
-3135
-5549
-7841
-1756
-623
-2887
2311
-6474
-4470
-2066
9826
5793
-3831
-4450
-5676
-3531
2261
-5299
961
714
-1795
-4682
-9427
-3273
-4900
4805
-7104
-5632
1342
-7433
-963
-6912
8909
4459
-9503
9304
-5182
1279
3484
-9920
-1250
7187
5762
2121
9638
8769
7820
2121
-3535
-1083
-9764
77
-4124
-1336
-2068
9470
9496
6816
2239
8614
7948
5802
5527
-4623
5062
2385
-1427
567
-1046
-1192
-5031
4035
-7136
-5666
1119
-5422
7108
-669
-2479
-3167
-6039
-5025
-9599
-41
-3924
-9054
-4734
2142
2753
8930
8589
9773
-5804
5420
8515
6183
6042
-9724
-8105
-1461
5630
-5370
3638
-114
-7844
-8052
6956
7317
-9852
2441
365
8518
5463
9671
4764
-3500
4339
-492
3063
-23
8400
7193
7384
-6579
-9301
1031
-9504
2715
4828
-429
8817
-4845
4428
298
5420
-2539
4554
-1386
-9180
2236
288
-3711
-3113
-7577
1790
1997
-5510
-5248
-7478
-7879
1025
9811
6103
-5595
4073
9411
8309
8874
-7139
3241
-2260
-8278
7605
-1249
5262
-1411
9411
7110
-6411
-9875
-551
6909
-1670
-3015
-2109
-1463
-4390
-4923
7452
-3723
-8666
-8328
6382
-9654
-237
-6100
-5750
6329
-4367
-2618
9517
8114
-1428
6853
-3843
1506
-4446
-4970
-7044
4689
-7027
-6952
4613
9068
-3107
4269
-7193
-9610
7325
7701
1150
8288
-3739
9175
-7483
4730
2662
6704
-967
7593
2983
7196
8609
-223
7130
1805
2483
4459
-4274
-7411
6885
1426
1773
5892
-695
-5826
-3814
-7078
1815
-5155
802
-6291
1655
5934
-3857
-9688
-2823
-9740
-8965
-3031
464
484
832
-2746
2780
-8328
1280
3925
1452
5500
5999
5654
-3753
3611
6146
-8856
5316
-2233
-7134
5708
-1504
7057
-7645
-7913
-8406
-1304
4018
2467
-4352
1138
5927
-2128
4955
4635
-5703
-9432
-6006
-4875
-2997
1466
-5170
6993
9954
6669
3544
-8586
-541
-3888
6863
