1000 300000
845
2716
855
1786
2475
2243
247
538
1969
185
2814
2568
2074
717
2617
1774
1008
1690
2952
842
2851
132
2745
925
605
545
901
2462
1994
1607
1507
1012
2407
141
139
1217
2241
2213
524
2101
194
2654
46
1916
2473
2707
2313
1299
1322
2743
1749
1784
2853
837
245
1041
823
2571
1589
1768
2501
2138
653
256
422
321
530
2247
2262
2939
198
207
1681
908
1530
2456
386
2241
1353
441
1683
199
1737
2908
1888
2396
321
180
1457
409
2781
996
349
562
2795
1147
1440
2493
2808
2873
1801
1438
2149
1938
2485
1612
2927
147
195
637
2339
48
2156
471
2557
2832
1966
151
2398
764
2517
154
2860
93
1774
214
1211
1768
686
277
1209
706
418
288
2508
150
99
2803
1748
2249
108
1148
2024
1332
2671
2584
2255
2965
1633
133
427
469
862
1815
989
1268
974
610
2455
2063
1595
1660
2568
1310
2881
348
2124
2691
285
647
2836
195
112
604
1641
1007
1339
290
835
1166
1341
1798
1941
909
2703
2060
995
42
2165
2941
425
439
110
887
882
422
599
2289
565
169
2562
2802
2995
2232
691
687
2159
241
232
1604
1999
2214
490
1723
858
1417
702
959
257
2258
78
1260
1085
1723
814
2775
2160
1807
2406
2968
2032
1343
1063
1142
2669
1211
2392
1951
216
1087
1671
247
236
2483
1275
777
2467
1229
966
915
2342
1046
2080
2940
1731
2857
2498
130
2505
2919
1326
873
1931
1230
402
69
2126
422
19
262
2821
2456
2414
310
566
1567
2811
2640
2834
358
2882
2851
1464
499
1996
1636
2043
2654
793
1725
1046
2462
1085
427
2615
2030
2677
296
1526
1927
923
1106
597
2844
462
1247
2273
916
2707
2331
1454
573
2052
214
2426
2550
1928
455
1845
1991
1236
928
2887
1837
1825
1988
860
680
338
1147
328
2468
968
2348
2728
812
147
449
1119
2811
2658
1022
2351
1898
501
741
1458
2375
1704
1819
1747
2097
821
1143
902
2815
426
2876
2574
553
2274
1642
1235
2014
2645
289
1860
2190
2076
149
1254
613
2567
2661
2583
1511
2641
2049
2097
1488
2364
1467
2641
2950
2332
2742
81
2774
1400
1715
2923
126
61
1501
670
1441
1517
1002
2434
586
2115
256
2416
2103
1464
1698
2291
335
601
75
971
2146
2900
2513
1942
2036
669
599
2402
2206
446
1555
1624
1067
232
2859
1280
1716
2438
1218
2034
2392
1644
2427
851
246
1865
1136
671
2618
1021
624
633
1534
2328
111
1466
2213
2046
2559
441
676
1494
1468
1381
2649
1612
1999
1143
1198
1743
1307
1711
2061
1187
1280
2600
2590
2213
1137
1607
1163
1946
2013
1472
2841
1198
2779
2432
261
1480
1649
2381
1102
2762
765
2709
980
2454
886
1970
2796
843
283
359
2508
1511
648
810
1989
1411
255
2944
2888
2032
1057
984
2121
1262
1764
687
2246
2749
166
1572
841
180
2245
251
2960
2920
1415
1408
787
1512
1614
1686
2522
1212
213
343
347
2724
1358
1462
2361
328
1918
2108
29
1103
139
2234
2577
1091
502
1068
1932
1493
1262
1837
1249
1834
1388
1249
1096
2691
660
1267
1130
2056
2450
53
2561
1446
461
286
1519
264
390
2928
205
2925
1573
977
2059
2919
258
2365
1726
321
1686
921
2402
2119
2243
2745
969
2026
1216
1953
432
1190
2386
716
388
108
2686
431
113
1217
615
2404
2806
644
2478
2735
1397
1236
79
883
2345
738
224
2175
1234
2790
2760
1807
2255
928
834
2139
830
2305
1185
766
305
2762
2084
515
2784
2740
471
1730
2319
15
264
2972
1769
1431
770
1080
2425
1210
69
1615
2400
1172
614
1774
2512
1479
2205
60
1463
239
1329
1941
1787
1862
1264
544
890
478
2646
1092
1972
2384
2381
1502
999
2657
54
535
539
217
2477
2800
2535
2111
276
1509
2439
1785
2163
2654
2174
554
558
2639
2405
605
2820
2445
1117
2535
1294
2545
370
2778
592
1404
2123
2761
1670
800
1372
840
736
1419
583
1607
1966
2995
2072
2105
1516
294
2828
1649
1139
2094
326
261
66
1576
1177
2073
2639
802
2234
2141
195
2507
1313
421
1840
1185
930
1329
221
198
2436
768
1188
803
2019
1427
98
2434
1417
2784
1551
1153
2945
2026
469
1821
1262
2144
2394
1593
919
1265
1420
1684
939
394
2142
2839
33
2725
2534
2744
551
2000
2869
1531
2697
1971
2342
2618
2930
996
1167
277
1103
2818
2594
442
846
120
886
218
1437
1554
1846
2303
2986
2308
2665
2696
254
1720
1994
2578
1967
2189
1419
1978
897
1100
1181
1823
2875
587
563
1878
2216
549
2802
2392
2653
2792
2976
766
1985
2200
260
821
955
419
504
544
964
2016
1696
2223
2006
1443
2089
1806
987
2908
2244
2178
596
1530
221
655
710
2243
1914
263
2196
2819
2395
2832
1884
756
1639
1709
581
1547
875
2748
1650
1351
1218
2572
2741
1131
171
1246
480
1632
2293
1924
950
788
1857
204
2567
1800
857
649
2074
1276
579
2416
991
303
2930
1573
1864
1976
1664
1437
2586
416
351
2138
1571
2503
609
1307
2361
64
2020
2485
1589
673
1229
608
1425
1040
62
2650
293
1615
1775
1070
1207
1039
1842
1361
1888
1644
1328
394
1804
2238
1589
2233
2772
1444
861
2470
1905
1255
1889
2379
1301
1094
2003
2825
1799
827
1670
1478
2990
2147
2641
387
1901
2551
36
2359
1631
2715
1656
2690
1808
1419
2608
1203
1498
1392
146
1588
734
1655
1995
2540
941
865
873
1040
2634
2904
2550
925
1675
193
1474
2541
774
801
1177
1826
1759
2505
132
1874
1110
1341
38
2107
1904
