1000
8112942
5964426
5691602
2933422
6252821
8839068
9275587
8046256
1699265
1307410
6924815
1814806
7055732
1876830
5937357
7267605
1497267
5360262
4992212
2395694
7909790
1002692
7998375
4654008
703328
9264438
2464466
6610659
1325749
1537226
2547816
2225311
7764950
3598664
9116467
3211926
4473288
4425381
1671678
259055
9754886
3469525
8979885
4597634
2326569
7051687
4995879
1264459
1845443
2532869
4259342
7992477
4013789
7367561
7982869
6583503
2464134
2378681
6476212
920252
1083658
9668021
8703628
5923856
6836867
4909306
1093056
6107124
8844689
3621660
7241720
8988077
7122487
7030146
1518093
7651099
9909644
1286443
4228716
893279
2984487
8802673
9264946
1046607
9062532
9839629
9573292
2466356
2398578
426740
9762644
5557629
4811427
5753534
2697541
6521371
7104566
8001398
7068161
9023374
6286637
8453716
3034237
2895324
5966662
4352238
5516450
6007932
7360728
1186752
5650337
7973223
1286592
2893200
7920202
9960299
3919506
847373
2437829
3100359
9533244
3342830
7277604
8535251
1964647
644021
8453229
9300167
9986711
3535133
1300386
553781
328765
5005090
9247144
4408560
7264084
1288093
4973216
9223101
9824719
5106914
558501
1142622
8844835
5689721
1014931
3240307
2533282
8146810
7180551
9577670
4771866
796002
2810553
928413
2588884
8605952
6854113
241734
8456530
3156294
1982783
6994044
5752666
1448434
8475443
6715526
7633667
5269839
3031869
9816952
8075180
991468
6938267
2622260
2109362
9210314
9285967
2422463
9066848
7446863
2763248
9615435
9747289
3054823
7489343
9570646
6976922
8039505
5752247
8442408
2705695
970625
3892737
2179366
2402724
7211872
5221317
9542546
9182002
624352
195269
3681604
960513
8288157
6900685
7707220
6304865
4941392
1266640
7706644
4748165
9786996
5224161
8309133
6799297
3121026
384120
1729025
8792648
3860424
2145083
6058552
9385707
6812594
1630055
1564652
3115916
2455938
3299161
110647
8007243
830271
4864055
2939014
8908086
1102379
3631864
3255625
6718247
9706797
8481868
1189394
1682028
8878039
6108970
560149
4328270
3283454
7203510
9367507
6556311
3712048
9794905
3387480
9229292
5294945
7778826
1994346
7716138
7913547
6765701
5960784
5601449
9630319
7031015
1215223
1658300
9029205
4049021
4223693
4349216
6338060
6143855
1336355
3767819
1434062
6698362
1974476
5186080
5242067
7282562
9370386
9873086
5060637
3053434
8820104
1904826
524359
9083260
4407670
4134155
142181
3291971
6019386
6903978
1626151
4089332
4474688
5284205
3023280
8490489
9057622
5275537
5474806
536990
9067510
9760615
3471424
2428205
3228549
3593578
8359362
6898054
9757681
105139
2549489
3987694
7962089
1695094
482385
7919667
1814266
4279332
2837633
1860859
8556971
8402549
235262
6707038
7759475
2046219
6984391
8448295
3766153
304077
4624442
5667520
6101013
1005431
7087816
1391713
8965046
8114156
972130
9159973
3711930
4573776
3929084
4727546
8532576
5173525
8689399
3823829
3313754
2001627
7932415
8739340
1589480
4475118
9791868
6669011
1266019
5996277
1958137
535085
180684
2664300
8101146
8571656
7014881
5687948
2037720
8209237
6326320
6928742
8237060
5225559
4855606
3357290
2421771
277123
6631073
9579277
3966771
2622939
7940669
5254643
5552457
7151003
1772663
8405441
6512099
158039
4828692
8488573
4279644
3043901
532600
3211959
9329519
8382324
7769610
4513113
7402393
1138156
5128155
3101919
5031981
683848
2363438
8943653
3821212
4397889
2453127
2622313
4852607
3091360
8092134
7957175
391392
5818656
678899
2963626
5875557
7568084
4693723
4628060
9878528
6263351
6176131
5004394
3093433
9967038
7385957
895169
1884389
8636663
2669582
8442018
9226193
7115207
8256254
4896242
2201672
2330002
8094983
3329620
2924079
9044757
2882595
9783591
6334102
1331373
6572108
2576278
3585189
2174282
5546688
2037405
5428484
5304802
3919974
7583585
3146298
8395865
8319166
559401
3936462
6740545
6675393
8779409
8765641
4683950
7067396
4379066
838462
5956743
3761860
7662326
6619190
2610592
9657878
9874426
8483754
6952914
9573189
1268441
3263007
8945871
6390804
4200253
4639030
4513220
8019508
8388420
5197973
8938148
3985803
5356212
4647704
7141069
6513722
1810299
4045905
3498757
2769001
7273796
5992673
2711547
4076943
5861144
1822893
1038806
9147425
1377505
7313070
3352444
2716341
6287202
3919674
4586529
9121452
2923420
1972437
4590169
318355
6175843
4867136
118400
8082954
7507778
6455727
8156366
9020484
5860398
1977617
7491568
2220642
4653781
9204142
9107172
7098598
7460408
6537678
8221050
7603604
184902
6547998
6670859
8624929
8319124
5003105
4353565
7970483
1230062
3649449
8277522
8952765
7005973
7898781
9798372
6547774
3551735
8825160
9144490
2781847
2154494
4256748
6556857
2033887
5039923
2858940
7459990
1019959
2179426
8537086
7647111
5277939
3405506
951174
679256
210977
3805022
6276513
2941522
5504646
6170423
9460567
2079434
6958324
8787282
359640
4491991
7385180
9095296
2625553
925201
3307652
8852475
5740697
7085546
3412510
6998343
5377204
1412840
1174550
5569756
3704338
6359944
1584434
4793863
646932
319212
8089434
8307751
506924
7486990
5064562
4836043
3929050
4987303
2848309
8365555
1770396
3834671
9478586
31829
3026763
2508603
1822224
1725664
7708864
96204
1168529
665269
5804571
2423504
282979
275906
9136202
5056072
6280377
8429464
6446580
3383721
2408360
700521
7456002
4519879
1891364
7985587
1536230
786392
8271915
9525093
965602
1172031
6214541
6513173
8208618
7773360
8756960
7865952
2907770
5336616
8071697
8538824
2442263
8294838
4613692
1571496
4639551
9221834
6478111
717221
7207900
2875788
3779066
6257605
2265636
2449201
1979714
6872533
6477307
2832112
7206938
2685878
4430097
5137837
8139397
6091562
8497537
8953507
8968095
7927138
880793
9227892
9082596
8366879
9852109
2222951
5634840
2832890
2214802
6355822
1425901
5768959
4189172
1772184
5900151
9891424
8187442
8797239
4248033
412437
9771710
9954331
2715034
7454909
6985412
33625
2488702
7411072
2789297
4052808
3652292
6977065
1208261
7207812
1294963
2746752
4841774
2322249
2438550
7006658
8211996
4612768
3422031
1027294
594940
6882489
6609351
6604328
3057188
9366209
9567015
3849509
6788998
2297162
6143559
3101221
1246760
9055073
4072762
6896710
3567864
8019172
8060668
1528912
6132275
5357455
9310028
9369265
5643490
8132508
5589517
8057515
79512
8689574
4807733
825704
4946631
1350422
8445301
5623527
4070721
9223046
3242474
9094931
8435427
5064989
8252062
8548078
1116238
3120909
8337238
3894623
3547915
9317340
6112389
9626811
3301087
4907132
6681607
5848649
5492731
6370067
4676468
9931580
9155206
2961146
6560335
5406894
7912025
513190
8395957
4800467
3813423
5788585
8039552
1559001
3044598
429478
1133706
552207
6700994
7286142
2734497
1089611
9328602
5207661
4155629
8135155
7645282
4094345
7197632
6970417
3000351
8276837
5155533
5604260
3031392
4399031
6033518
1062750
4459622
8375423
3557493
6266452
5807874
6117485
6765988
1985036
7271327
2092470
8589578
1735693
6842546
3709988
7058175
3834956
4646169
5334178
8344769
4687026
7296648
3662637
7076820
1974992
9970234
1722872
4975455
673789
3091160
6502809
3772129
6522464
5971899
1627488
8397783
6416598
8638502
2250051
2734612
6843777
9288872
5869023
2592407
9618788
3354783
1359158
3700779
5260575
5473926
4248300
2912037
584659
9473541
4245565
1645149
9359374
2570890
4986162
6392008
226260
8045746
229056
5153261
855770
229608
5566171
7609563
3274132
8960003
5752940
1399524
6872916
2847803
3824012
3966283
7421232
7671888
8380989
5434780
1097940
4152760
3524430
8285695
5475871
8582079
1051517
3536040
5445653
6338615
8038884
5350911
3590811
8411819
4026422
8327403
2854007
8114362
2203467
2057451
4708083
2704488
439189
6856505
2225403
3148036
6830856
6301229
7430571
2731024
1007082
3512564
7871730
3631217
4943878
2666974
2838676
6480874
228463
195814
9611284
6169806
7349340
5922815
1345182
4765528
6729120
2288936
5301661
3401909
5115701
2416699
2054456
7861732
1413995
1834283
1459416
8488669
5197672
8091311
8299577
8145952
8345146
4745995
9916005
9529182
5818131
6292917
90072
5707619
8103306
128528
7844947
2946764
8305932
7016211
564955
5490742
3885643
3697959
5440204
4979238
1053023
5538109
